[gd_scene load_steps=30 format=2]

[ext_resource path="res://models/player/SK_Character_Male_SWAT_01/anims/T Pose.anim" type="Animation" id=1]
[ext_resource path="res://models/player/SK_Character_Male_SWAT_01/anims/on_floor_blendspace.tres" type="AnimationNodeBlendTree" id=2]
[ext_resource path="res://models/player/SK_Character_Male_SWAT_01/anims/Idle.anim" type="Animation" id=3]
[ext_resource path="res://models/player/SK_Character_Male_SWAT_01/meshes/SK_Character_Male_SWAT_01_Mesh001.mesh" type="ArrayMesh" id=4]
[ext_resource path="res://models/player/SK_Character_Male_SWAT_01/anims/Walk B R.anim" type="Animation" id=5]
[ext_resource path="res://models/player/SK_Character_Male_SWAT_01/anims/Walk B.anim" type="Animation" id=6]
[ext_resource path="res://models/player/SK_Character_Male_SWAT_01/meshes/SK_Character_Male_SWAT_01_Mesh.mesh" type="ArrayMesh" id=7]
[ext_resource path="res://models/player/SK_Character_Male_SWAT_01/anims/Walk L.anim" type="Animation" id=8]
[ext_resource path="res://models/player/SK_Character_Male_SWAT_01/anims/Walk F L.anim" type="Animation" id=9]
[ext_resource path="res://models/player/SK_Character_Male_SWAT_01/anims/Walk B L.anim" type="Animation" id=10]
[ext_resource path="res://models/player/SK_Character_Male_SWAT_01/anims/Walk R.anim" type="Animation" id=11]
[ext_resource path="res://models/player/SK_Character_Male_SWAT_01/anims/Idle Aiming.anim" type="Animation" id=12]
[ext_resource path="res://models/player/SK_Character_Male_SWAT_01/anims/Walk F.anim" type="Animation" id=13]
[ext_resource path="res://models/player/SK_Character_Male_SWAT_01/anims/Walk F R.anim" type="Animation" id=14]
[ext_resource path="res://models/weapons/SM_Wep_SMG_01.mesh" type="ArrayMesh" id=15]
[ext_resource path="res://models/player/SK_Character_Male_SWAT_01/anims/Jump Down.anim" type="Animation" id=16]
[ext_resource path="res://models/player/SK_Character_Male_SWAT_01/anims/Jump Loop.anim" type="Animation" id=17]
[ext_resource path="res://models/player/SK_Character_Male_SWAT_01/anims/Jump Up.anim" type="Animation" id=18]
[ext_resource path="res://models/player/SK_Character_Male_SWAT_01/anims/on_air_blendspace.tres" type="AnimationNodeStateMachine" id=19]

[sub_resource type="Skin" id=1]
resource_name = "Skin"
bind_count = 47
bind/0/name = "pelvis"
bind/0/bone = -1
bind/0/pose = Transform( -1.64485e-06, 14.9412, 98.8775, 1.46644e-05, 98.8775, -14.9412, -100, 1.5091e-05, -3.85541e-06, -14.9092, -86.6662, -1.51081e-05 )
bind/1/name = "spine_1"
bind/1/bone = -1
bind/1/pose = Transform( -1.04917e-05, 4.96955, -99.8765, 1.49138e-05, 99.8765, 4.96955, 100, -1.5211e-05, -1.11819e-05, -4.64023, -98.0882, 1.5262e-05 )
bind/2/name = "spine_2"
bind/2/bone = -1
bind/2/pose = Transform( -1.69426e-06, 14.608, 98.9273, 1.46735e-05, 98.9273, -14.608, -100, 1.51056e-05, -3.85758e-06, -18.1228, -114.912, -1.49676e-05 )
bind/3/name = "spine_3"
bind/3/bone = -1
bind/3/pose = Transform( -1.00993e-05, 7.59623, -99.7111, 1.49024e-05, 99.7111, 7.59622, 100, -1.49292e-05, -1.11641e-05, -11.6509, -133.539, 1.45098e-05 )
bind/4/name = "neck_1"
bind/4/bone = -1
bind/4/pose = Transform( -2.42617e-06, 15.8851, -98.7303, 1.4798e-05, 98.7303, 15.885, 100, -1.50617e-05, -4.70805e-06, -23.6797, -143.252, 1.47425e-05 )
bind/5/name = "head"
bind/5/bone = -1
bind/5/pose = Transform( 100, -1.54252e-05, -2.37696e-07, 3.95537e-06, -1.03316e-05, 100, -1.46834e-05, -100, -2.88102e-06, 1.52554e-05, -1.30895, 157.205 )
bind/6/name = "eyes"
bind/6/bone = -1
bind/6/pose = Transform( 100, -1.52294e-05, -4.66665e-07, 4.18434e-06, -1.03316e-05, 100, -1.44877e-05, -100, -2.88103e-06, 1.494e-05, -13.5812, 166.652 )
bind/7/name = "eyebrows"
bind/7/bone = -1
bind/7/pose = Transform( 100, -1.52294e-05, -4.66665e-07, 4.18434e-06, -1.03316e-05, 100, -1.44877e-05, -100, -2.88103e-06, 1.49229e-05, -13.5812, 169.972 )
bind/8/name = "clavicle_l"
bind/8/bone = -1
bind/8/pose = Transform( 1.14639, 99.9916, -0.609568, 88.2852, -1.29837, -46.9472, -46.9511, 4.89422e-05, -88.2927, -139.559, -3.28617, 6.27477 )
bind/9/name = "upper_arm_l"
bind/9/bone = -1
bind/9/pose = Transform( 8.24978, 99.6592, -0.0817918, 99.6542, -8.25019, -0.988037, -0.991413, 1.41967e-05, -99.9951, -140.436, -7.56781, -2.85985 )
bind/10/name = "lowerarm_l"
bind/10/bone = -1
bind/10/pose = Transform( 1.5228e-05, 100, 8.58376e-06, 99.7432, -1.65304e-05, 7.16155, 7.16156, 1.98329e-05, -99.7432, -136.388, -52.527, -7.30879 )
bind/11/name = "hand_l"
bind/11/bone = -1
bind/11/pose = Transform( 1.57442e-05, 100, -8.08754e-06, 100, -1.55838e-05, -2.70184e-06, 1.02345e-06, 4.2945e-06, -100, -136.388, -79.9632, -1.62446 )
bind/12/name = "thumb_1_l"
bind/12/bone = -1
bind/12/pose = Transform( 15.4318, 98.32, 9.74927, 83.1214, -18.2535, 52.5133, 53.4106, 1.81899e-06, -84.5418, -146.108, -46.2187, -42.15 )
bind/13/name = "thumb_2_l"
bind/13/bone = -1
bind/13/pose = Transform( 43.0776, 89.1554, 13.987, 84.7975, -45.2915, 27.533, 30.8821, 3.63798e-05, -95.112, -158.628, -16.2758, -21.4928 )
bind/14/name = "index_finger_1_l"
bind/14/bone = -1
bind/14/pose = Transform( 0.845106, 99.9964, 0.111946, 99.1306, -0.85249, 13.13, 13.1305, 2.19345e-05, -99.1342, -137.546, -88.5457, -10.8256 )
bind/15/name = "index_finger_2_l"
bind/15/bone = -1
bind/15/pose = Transform( 20.2841, 97.8956, 2.24192, 97.303, -20.4077, 10.7544, 10.9856, 2.7967e-05, -99.3948, -153.061, -64.1341, -8.79631 )
bind/16/name = "index_finger_3_l"
bind/16/bone = -1
bind/16/pose = Transform( 31.3704, 94.9354, 1.7841, 94.7822, -31.4211, 5.3905, 5.67808, 3.06955e-06, -99.8387, -159.903, -50.3695, -3.58039 )
bind/17/name = "finger_1_l"
bind/17/bone = -1
bind/17/pose = Transform( 11.2533, 99.3599, -0.992044, 98.976, -11.2969, -8.72532, -8.78153, 8.07177e-06, -99.6137, -145.57, -74.0585, 3.00976 )
bind/18/name = "finger_2_l"
bind/18/bone = -1
bind/18/pose = Transform( 15.4949, 98.7895, -0.753496, 98.6728, -15.5132, -4.79803, -4.85683, -3.5243e-05, -99.882, -148.776, -72.0891, -0.69949 )
bind/19/name = "finger_3_l"
bind/19/bone = -1
bind/19/pose = Transform( 32.8518, 94.2238, -6.5301, 92.4157, -33.4946, -18.3698, -19.4959, -2.50111e-05, -98.0812, -159.859, -45.9145, 13.6889 )
bind/20/name = "clavicle_r"
bind/20/bone = -1
bind/20/pose = Transform( 1.14635, -99.9916, 0.609588, -88.2852, -1.29835, -46.9472, 46.9511, 3.24008e-06, -88.2926, 139.559, -3.28618, 6.27482 )
bind/21/name = "upper_arm_r"
bind/21/bone = -1
bind/21/pose = Transform( 8.24977, -99.6592, 0.0818026, -99.6542, -8.25019, -0.988047, 0.991426, -7.43939e-06, -99.9951, 140.436, -7.56779, -2.85981 )
bind/22/name = "lowerarm_r"
bind/22/bone = -1
bind/22/pose = Transform( -1.79599e-05, -100, -1.08258e-05, -99.7432, 1.24737e-05, 7.16156, -7.16156, 1.2315e-05, -99.7432, 136.387, -52.5271, -7.30878 )
bind/23/name = "hand_r"
bind/23/bone = -1
bind/23/pose = Transform( -1.57442e-05, -100, 2.80576e-06, -100, 1.11079e-05, 7.17219e-06, -9.40736e-06, -2.24153e-06, -100, 136.387, -79.9632, -1.62446 )
bind/24/name = "thumb_1_r"
bind/24/bone = -1
bind/24/pose = Transform( 15.4317, -98.3201, -9.74922, -83.1214, -18.2534, 52.5133, -53.4106, -1.81899e-06, -84.5418, 146.108, -46.2189, -42.1499 )
bind/25/name = "thumb_2_r"
bind/25/bone = -1
bind/25/pose = Transform( 43.0777, -89.1554, -13.9869, -84.7975, -45.2915, 27.533, -30.882, -1.45519e-05, -95.1121, 158.629, -16.2757, -21.4927 )
bind/26/name = "index_finger_1_r"
bind/26/bone = -1
bind/26/pose = Transform( 0.845085, -99.9964, -0.111942, -99.1306, -0.852472, 13.13, -13.1305, 9.30811e-06, -99.1342, 137.546, -88.5458, -10.8256 )
bind/27/name = "index_finger_2_r"
bind/27/bone = -1
bind/27/pose = Transform( 20.2836, -97.8957, -2.24186, -97.3031, -20.4071, 10.7544, -10.9856, 1.93268e-05, -99.3948, 153.061, -64.1349, -8.7963 )
bind/28/name = "index_finger_3_r"
bind/28/bone = -1
bind/28/pose = Transform( 31.3701, -94.9355, -1.7841, -94.7822, -31.4208, 5.39051, -5.67808, -3.41061e-07, -99.8387, 159.903, -50.3699, -3.58039 )
bind/29/name = "finger_1_r"
bind/29/bone = -1
bind/29/pose = Transform( 11.2531, -99.3599, 0.992022, -98.976, -11.2968, -8.72531, 8.78152, 6.82121e-06, -99.6137, 145.57, -74.0586, 3.00975 )
bind/30/name = "finger_2_r"
bind/30/bone = -1
bind/30/pose = Transform( 15.4957, -98.7893, 0.753345, -98.6727, -15.514, -4.79785, 4.85663, 0.000116643, -99.882, 148.777, -72.0878, -0.699879 )
bind/31/name = "finger_3_r"
bind/31/bone = -1
bind/31/pose = Transform( 32.8512, -94.224, 6.53007, -92.4159, -33.494, -18.3699, 19.496, -0.000100954, -98.0811, 159.859, -45.9156, 13.6891 )
bind/32/name = "thigh_r"
bind/32/bone = -1
bind/32/pose = Transform( -99.9492, 3.17411, -0.000102816, -3.17405, -99.9496, 1.77063e-05, -0.00028721, 1.35738e-05, 100, -12.5404, 83.093, 0.253947 )
bind/33/name = "calf_r"
bind/33/bone = -1
bind/33/pose = Transform( -16.8191, 4.41295, -98.4765, -0.742924, -99.9026, -4.34994, -98.5722, 2.43289e-05, 16.8358, -4.04916, 43.402, -10.962 )
bind/34/name = "foot_r"
bind/34/bone = -1
bind/34/pose = Transform( 0.00023569, 85.4183, 51.9973, -0.000142927, -51.9973, 85.4183, 99.9996, -0.000316629, -0.000185371, -4.0228, 4.66668, 11.4443 )
bind/35/name = "ball_r"
bind/35/bone = -1
bind/35/pose = Transform( 4.71371e-05, 100, 1.39043e-06, -0.000184437, -1.62919e-05, 100, 99.9996, -8.81253e-05, -4.66652e-07, 0.00462241, -7.74419, 11.4443 )
bind/36/name = "thigh_l"
bind/36/bone = -1
bind/36/pose = Transform( -99.949, -3.17408, 0.000120593, 3.1742, -99.9496, -2.46027e-05, 0.000384857, 9.46285e-06, 100, 12.5404, 83.093, 0.253943 )
bind/37/name = "calf_l"
bind/37/bone = -1
bind/37/pose = Transform( -16.8188, -4.41294, 98.4766, 0.743066, -99.9026, -4.34998, 98.5721, -6.82116e-07, 16.8356, 4.04913, 43.402, -10.962 )
bind/38/name = "foot_l"
bind/38/bone = -1
bind/38/pose = Transform( 0.000178933, -85.4183, -51.9973, 0.000299618, -51.9973, 85.4183, -99.9994, -0.000170421, -0.000100647, 4.02278, 4.66666, 11.4442 )
bind/39/name = "ball_l"
bind/39/bone = -1
bind/39/pose = Transform( -9.16382e-05, -100, -1.03313e-05, 0.000264002, 1.35103e-05, 100, -99.9994, 0.000229855, 4.66684e-07, -0.00461609, -7.7442, 11.4442 )
bind/40/name = "ik_foot_root"
bind/40/bone = -1
bind/40/pose = Transform( -4.66665e-07, 7.34724e-14, -100, -100, 1.57441e-05, 4.66665e-07, 1.57441e-05, 100, -7.34724e-14, 1.79292, -1.57598e-05, -0.293381 )
bind/41/name = "ik_foot_l"
bind/41/bone = -1
bind/41/pose = Transform( 3.90447e-06, -6.14726e-13, -100, -2.76651e-05, -100, -3.91977e-13, -100, 1.57441e-05, -3.90447e-06, -1.89446, 5.86279, 11.4443 )
bind/42/name = "ik_foot_r"
bind/42/bone = -1
bind/42/pose = Transform( -1.46329e-05, 3.39055e-12, 100, 1.82173e-05, 100, -8.21805e-13, -100, 2.29412e-05, -1.46329e-05, 1.89446, -5.86279, -11.4444 )
bind/43/name = "ik_hand_root"
bind/43/bone = -1
bind/43/pose = Transform( 100, -1.57441e-05, -4.66665e-07, 1.57441e-05, 100, -7.34724e-14, 4.66665e-07, -7.34724e-14, 100, 1.57598e-05, -0.293381, -1.79292 )
bind/44/name = "ik_hand_gun"
bind/44/bone = -1
bind/44/pose = Transform( 1.57441e-05, 100, 1.50996e-05, 100, -1.57441e-05, -4.66665e-07, -4.66662e-07, 1.50996e-05, -100, -136.387, 79.9632, -1.62448 )
bind/45/name = "ik_hand_l"
bind/45/bone = -1
bind/45/pose = Transform( -1.57441e-05, -100, -3.01992e-05, 100, -1.57441e-05, -4.66665e-07, 4.6666e-07, -3.01992e-05, 100, 136.388, -79.9632, 1.6245 )
bind/46/name = "ik_hand_r"
bind/46/bone = -1
bind/46/pose = Transform( 1.57441e-05, 100, -1.07284e-05, 100, -1.57441e-05, -4.66665e-07, -4.66666e-07, -1.07284e-05, -100, -136.387, 79.9632, -1.62445 )

[sub_resource type="AnimationNodeAnimation" id=7]
animation = "Jump Up"

[sub_resource type="AnimationNodeStateMachineTransition" id=13]
advance_condition = "Jump"

[sub_resource type="AnimationNodeStateMachine" id=9]
"states/Jump Up/node" = SubResource( 7 )
"states/Jump Up/position" = Vector2( 538, 48 )
states/Movement/node = ExtResource( 2 )
states/Movement/position = Vector2( 274, 48 )
transitions = [ "Movement", "Jump Up", SubResource( 13 ) ]
start_node = "Movement"

[sub_resource type="AnimationNodeStateMachineTransition" id=10]
advance_condition = "On Air"

[sub_resource type="AnimationNodeStateMachineTransition" id=11]
advance_condition = "On Floor"

[sub_resource type="AnimationNodeStateMachine" id=4]
"states/On Air/node" = ExtResource( 19 )
"states/On Air/position" = Vector2( 591, 66 )
"states/On Floor/node" = SubResource( 9 )
"states/On Floor/position" = Vector2( 319, 66 )
transitions = [ "On Floor", "On Air", SubResource( 10 ), "On Air", "On Floor", SubResource( 11 ) ]
start_node = "On Floor"

[sub_resource type="AnimationNodeStateMachinePlayback" id=5]

[sub_resource type="AnimationNodeStateMachinePlayback" id=6]

[sub_resource type="AnimationNodeStateMachinePlayback" id=12]

[node name="SK_Character_Male_SWAT_01" type="Spatial"]

[node name="Root" type="Spatial" parent="."]
transform = Transform( 0.00576043, -0.00812973, -0.00085147, 0.000332265, 0.00127367, -0.00991299, 0.00816744, 0.00568201, 0.00100381, -0.0923356, -0.0485556, 0.0994424 )

[node name="Skeleton" type="Skeleton" parent="Root"]
bones/0/name = "pelvis"
bones/0/parent = -1
bones/0/rest = Transform( 0, 8.9407e-08, -1, 0.988775, -0.149412, -8.9407e-08, -0.149412, -0.988775, 0, 9.85298e-14, -2.08289e-06, -87.6276 )
bones/0/enabled = true
bones/0/bound_children = [  ]
bones/1/name = "spine_1"
bones/1/parent = 0
bones/1/rest = Transform( -0.980128, 0.198365, -9.6036e-08, 0.198365, 0.980128, 2.82305e-07, 1.50127e-07, 2.57645e-07, -1, -9.53674e-07, 10.3933, -1.6427e-13 )
bones/1/enabled = true
bones/1/bound_children = [  ]
bones/2/name = "spine_2"
bones/2/parent = 1
bones/2/rest = Transform( -0.980791, 0.195062, 1.50156e-07, 0.195062, 0.98079, -8.52644e-09, -1.48935e-07, 2.09271e-08, -1, 1.78814e-07, 18.1512, -1.96438e-12 )
bones/2/enabled = true
bones/2/bound_children = [  ]
bones/3/name = "spine_3"
bones/3/parent = 2
bones/3/rest = Transform( -0.975318, 0.220805, -3.18878e-07, 0.220805, 0.975318, 6.22958e-08, 3.24762e-07, -9.6517e-09, -1, -2.59907e-06, 17.9038, -1.93842e-12 )
bones/3/enabled = true
bones/3/bound_children = [  ]
bones/4/name = "neck_1"
bones/4/parent = 3
bones/4/rest = Transform( 0.996517, -0.0833936, 4.24382e-08, 0.0833936, 0.996517, 2.53394e-09, -4.25017e-08, 1.01396e-09, 1, -7.07216e-06, 11.1889, 1.01109e-12 )
bones/4/enabled = true
bones/4/bound_children = [  ]
bones/5/name = "head"
bones/5/parent = 4
bones/5/rest = Transform( -1.19209e-07, -0.987303, -0.15885, -5.96046e-08, 0.15885, -0.987303, 1, -5.96046e-08, -1.19209e-07, -4.03281e-06, 12.1645, 3.39484e-12 )
bones/5/enabled = true
bones/5/bound_children = [ NodePath("BoneAttachment") ]
bones/6/name = "eyes"
bones/6/parent = 5
bones/6/rest = Transform( 1, 2.28968e-09, 1.95747e-09, -2.28968e-09, 1, 8.75433e-17, -1.95748e-09, -9.20253e-17, 1, 2.02278e-08, 12.2722, -9.44759 )
bones/6/enabled = true
bones/6/bound_children = [  ]
bones/7/name = "eyebrows"
bones/7/parent = 5
bones/7/rest = Transform( 1, 2.28968e-09, 1.95747e-09, -2.28968e-09, 1, 8.75433e-17, -1.95748e-09, -9.20253e-17, 1, 3.08134e-08, 12.2722, -12.7669 )
bones/7/enabled = true
bones/7/bound_children = [  ]
bones/8/name = "clavicle_l"
bones/8/parent = 3
bones/8/rest = Transform( 0.0820338, 0.467129, 0.880375, 0.996564, -0.0486081, -0.0670688, 0.0114635, 0.882852, -0.469511, -4.19146, 5.80117, 7.44715 )
bones/8/enabled = true
bones/8/bound_children = [  ]
bones/9/name = "upper_arm_l"
bones/9/parent = 8
bones/9/rest = Transform( 0.997458, -0.0710107, 0.00598183, 0.060278, 0.885509, 0.460696, -0.0380113, -0.459164, 0.887538, 1.83598e-05, 13.1979, -2.27365e-07 )
bones/9/enabled = true
bones/9/bound_children = [  ]
bones/10/name = "lowerarm_l"
bones/10/parent = 9
bones/10/rest = Transform( 0.996591, 0.0822273, 0.0067239, -0.0825017, 0.993276, 0.0812229, 5.51809e-08, -0.0815007, 0.996673, -0.144933, 33.9474, 0.14363 )
bones/10/enabled = true
bones/10/bound_children = [  ]
bones/11/name = "hand_l"
bones/11/parent = 10
bones/11/rest = Transform( 1, -1.04813e-07, 2.05001e-07, 1.19225e-07, 0.997432, -0.0716155, -1.96969e-07, 0.0716155, 0.997432, -5.56693e-07, 27.1145, 0.0381357 )
bones/11/enabled = true
bones/11/bound_children = [  ]
bones/12/name = "thumb_1_l"
bones/12/parent = 11
bones/12/rest = Transform( 0.9832, -0.182534, 1.93715e-07, 0.154317, 0.831214, 0.534106, -0.0974927, -0.525132, 0.845418, -1.17067, 3.51406, -4.50555 )
bones/12/enabled = true
bones/12/bound_children = [  ]
bones/13/name = "thumb_2_l"
bones/13/parent = 12
bones/13/rest = Transform( 0.956688, -0.287605, -0.0450703, 0.268778, 0.932106, -0.242768, 0.111832, 0.220139, 0.969037, 1.80019e-05, 6.37021, -1.0611e-05 )
bones/13/enabled = true
bones/13/bound_children = [  ]
bones/14/name = "index_finger_1_l"
bones/14/parent = 11
bones/14/rest = Transform( 0.999964, -0.00852481, 3.19153e-07, 0.00845096, 0.991306, 0.131305, -0.00111967, -0.1313, 0.991342, 0.398728, 10.3966, -2.67265 )
bones/14/enabled = true
bones/14/bound_children = [  ]
bones/15/name = "index_finger_2_l"
bones/15/parent = 14
bones/15/rest = Transform( 0.980659, -0.195725, -0.000184274, 0.195676, 0.980431, -0.0216049, 0.00440929, 0.021151, 0.999767, -1.68712e-05, 4.09361, -3.21884e-06 )
bones/15/enabled = true
bones/15/bound_children = [  ]
bones/16/name = "index_finger_3_l"
bones/16/parent = 15
bones/16/rest = Transform( 0.993406, -0.114132, -0.0108656, 0.113421, 0.992179, -0.0521211, 0.0167293, 0.0505451, 0.998582, -4.25422e-05, 3.7912, -2.33326e-06 )
bones/16/enabled = true
bones/16/bound_children = [  ]
bones/17/name = "finger_1_l"
bones/17/parent = 11
bones/17/rest = Transform( 0.993599, -0.112969, 2.8871e-08, 0.112532, 0.98976, -0.0878154, 0.00992037, 0.0872532, 0.996137, -0.115952, 9.98254, 3.28334 )
bones/17/enabled = true
bones/17/bound_children = [  ]
bones/18/name = "finger_2_l"
bones/18/parent = 17
bones/18/rest = Transform( 0.999081, -0.0426238, 0.00444273, 0.0424182, 0.998335, 0.0390792, -0.00610104, -0.0388549, 0.999226, 1.09763e-05, 4.2488, 4.52182e-09 )
bones/18/enabled = true
bones/18/bound_children = [  ]
bones/19/name = "finger_3_l"
bones/19/parent = 18
bones/19/rest = Transform( 0.982226, -0.186309, -0.0228185, 0.18112, 0.972666, -0.145312, 0.0492678, 0.138596, 0.989123, 3.53336e-06, 3.51336, 8.66506e-07 )
bones/19/enabled = true
bones/19/bound_children = [  ]
bones/20/name = "clavicle_r"
bones/20/parent = 3
bones/20/rest = Transform( -0.0820342, 0.467129, 0.880375, -0.996564, -0.0486084, -0.067069, 0.0114638, -0.882852, 0.469511, -4.19143, 5.80152, -7.44715 )
bones/20/enabled = true
bones/20/bound_children = [  ]
bones/21/name = "upper_arm_r"
bones/21/parent = 20
bones/21/rest = Transform( 0.997458, 0.0710107, -0.00598188, -0.060278, 0.885509, 0.460696, 0.0380113, -0.459164, 0.887538, 0.00063924, 13.1979, 5.12587e-06 )
bones/21/enabled = true
bones/21/bound_children = [  ]
bones/22/name = "lowerarm_r"
bones/22/parent = 21
bones/22/rest = Transform( 0.996591, -0.0822275, -0.00672405, 0.0825019, 0.993276, 0.081223, 7.03149e-08, -0.0815009, 0.996673, 0.144809, 33.9475, 0.143629 )
bones/22/enabled = true
bones/22/bound_children = [  ]
bones/23/name = "hand_r"
bones/23/parent = 22
bones/23/rest = Transform( 1, 7.43115e-08, -2.82081e-07, -9.4322e-08, 0.997432, -0.0716154, 2.76035e-07, 0.0716154, 0.997432, 1.99236e-06, 27.1145, 0.038136 )
bones/23/enabled = true
bones/23/bound_children = [ NodePath("BoneAttachment2") ]
bones/24/name = "thumb_1_r"
bones/24/parent = 23
bones/24/rest = Transform( 0.9832, 0.182534, 8.19564e-08, -0.154317, 0.831214, 0.534106, 0.0974922, -0.525133, 0.845418, 1.17097, 3.51398, -4.50554 )
bones/24/enabled = true
bones/24/bound_children = [  ]
bones/25/name = "thumb_2_r"
bones/25/parent = 24
bones/25/rest = Transform( 0.956688, 0.287606, 0.0450708, -0.268779, 0.932106, -0.242768, -0.111832, 0.22014, 0.969037, -0.000739801, 6.37016, 4.29965e-05 )
bones/25/enabled = true
bones/25/bound_children = [  ]
bones/26/name = "index_finger_1_r"
bones/26/parent = 23
bones/26/rest = Transform( 0.999964, 0.00852496, -6.91507e-08, -0.00845115, 0.991306, 0.131305, 0.00111944, -0.1313, 0.991342, -0.399002, 10.3966, -2.67265 )
bones/26/enabled = true
bones/26/bound_children = [  ]
bones/27/name = "index_finger_2_r"
bones/27/parent = 26
bones/27/rest = Transform( 0.98066, 0.19572, 0.000184094, -0.19567, 0.980432, -0.0216048, -0.00440897, 0.0211509, 0.999767, 6.69863e-05, 4.09356, -6.28778e-06 )
bones/27/enabled = true
bones/27/bound_children = [  ]
bones/28/name = "index_finger_3_r"
bones/28/parent = 27
bones/28/rest = Transform( 0.993406, 0.114135, 0.0108653, -0.113424, 0.992178, -0.0521211, -0.0167291, 0.050545, 0.998582, 0.000370916, 3.79125, -3.82854e-06 )
bones/28/enabled = true
bones/28/bound_children = [  ]
bones/29/name = "finger_1_r"
bones/29/parent = 23
bones/29/rest = Transform( 0.993599, 0.112968, -7.49715e-08, -0.112532, 0.98976, -0.0878154, -0.00992025, 0.0872533, 0.996137, 0.115982, 9.98248, 3.28334 )
bones/29/enabled = true
bones/29/bound_children = [  ]
bones/30/name = "finger_2_r"
bones/30/parent = 29
bones/30/rest = Transform( 0.999081, 0.0426336, -0.00444442, -0.0424279, 0.998335, 0.0390809, 0.00610317, -0.0388564, 0.999226, -8.41408e-06, 4.24883, -1.89821e-06 )
bones/30/enabled = true
bones/30/bound_children = [  ]
bones/31/name = "finger_3_r"
bones/31/parent = 30
bones/31/rest = Transform( 0.982229, 0.186295, 0.0228225, -0.181105, 0.972669, -0.145314, -0.04927, 0.138598, 0.989122, -1.04725e-05, 3.51333, -2.72742e-06 )
bones/31/enabled = true
bones/31/bound_children = [  ]
bones/32/name = "thigh_r"
bones/32/parent = 0
bones/32/rest = Transform( 0.00481357, -0.155536, 0.987819, 0.0313734, -0.98732, -0.155611, 0.9995, 0.0317401, 0.000127077, -2.69207, -4.11578, 9.89671 )
bones/32/enabled = true
bones/32/bound_children = [  ]
bones/33/name = "calf_r"
bones/33/parent = 32
bones/33/rest = Transform( 0.169688, -0.0242812, 0.985199, -0.0428926, 0.998567, 0.0319985, -0.984564, -0.0476875, 0.168404, 1.89033e-06, 39.9309, 6.96553e-07 )
bones/33/enabled = true
bones/33/bound_children = [  ]
bones/34/name = "foot_r"
bones/34/parent = 33
bones/34/rest = Transform( -0.465279, -0.869013, -0.168321, -0.880968, 0.473118, -0.00742637, 0.0860893, 0.14483, -0.985704, -3.4365e-07, 37.7123, 2.24324e-07 )
bones/34/enabled = true
bones/34/bound_children = [  ]
bones/35/name = "ball_r"
bones/35/parent = 34
bones/35/rest = Transform( 0.854183, 0.519973, 3.09108e-06, -0.519973, 0.854183, 3.67017e-07, -2.44951e-06, -1.92078e-06, 1, -9.4227e-06, 11.284, 2.29027e-06 )
bones/35/enabled = true
bones/35/bound_children = [  ]
bones/36/name = "thigh_l"
bones/36/parent = 0
bones/36/rest = Transform( -0.00481299, -0.15552, 0.987821, -0.031375, -0.987323, -0.155595, 0.999502, -0.0317415, -0.000127435, -2.69207, -4.11578, -9.89671 )
bones/36/enabled = true
bones/36/bound_children = [  ]
bones/37/name = "calf_l"
bones/37/parent = 36
bones/37/rest = Transform( 0.169687, 0.0242817, -0.985199, 0.0429047, 0.998566, 0.0320009, 0.984564, -0.0476998, 0.168402, -3.92833e-05, 39.9309, -5.70122e-08 )
bones/37/enabled = true
bones/37/bound_children = [  ]
bones/38/name = "foot_l"
bones/38/parent = 37
bones/38/rest = Transform( -0.465281, 0.869012, 0.16832, 0.880966, 0.473121, -0.00742776, -0.0860905, 0.144828, -0.985704, 1.60602e-05, 37.7123, -8.46349e-05 )
bones/38/enabled = true
bones/38/bound_children = [  ]
bones/39/name = "ball_l"
bones/39/parent = 38
bones/39/rest = Transform( 0.854183, -0.519973, -4.05099e-06, 0.519973, 0.854183, -1.21678e-06, 4.09298e-06, -1.06705e-06, 1, 1.03818e-06, 11.284, -4.50909e-06 )
bones/39/enabled = true
bones/39/bound_children = [  ]
bones/40/name = "ik_foot_root"
bones/40/parent = -1
bones/40/rest = Transform( 0, -1, -1.33227e-15, -1, 0, -1.28028e-08, 1.28028e-08, 1.33227e-15, -1, 0, 0, 0 )
bones/40/enabled = true
bones/40/bound_children = [  ]
bones/41/name = "ik_foot_l"
bones/41/parent = 40
bones/41/rest = Transform( 1, 1.77636e-15, 4.37114e-08, -4.37114e-08, 0, 1, 1.77636e-15, -1, 0, 3.68738, -11.4443, 5.56941 )
bones/41/enabled = true
bones/41/bound_children = [  ]
bones/42/name = "ik_foot_r"
bones/42/parent = 40
bones/42/rest = Transform( -1, 8.74227e-08, 2.38419e-07, 2.38419e-07, -1.19209e-07, 1, 8.74228e-08, 1, 1.78814e-07, 3.68738, 11.4443, 5.56941 )
bones/42/enabled = true
bones/42/bound_children = [  ]
bones/43/name = "ik_hand_root"
bones/43/parent = -1
bones/43/rest = Transform( 1, 0, 0, 0, 0, 1, 0, -1, 0, 0, 0, 0 )
bones/43/enabled = true
bones/43/bound_children = [  ]
bones/44/name = "ik_hand_gun"
bones/44/parent = 43
bones/44/rest = Transform( 0, 1, -7.10543e-15, 1, 0, 1.50996e-07, 1.50996e-07, -7.10543e-15, -1, -79.9632, 136.094, -3.41738 )
bones/44/enabled = true
bones/44/bound_children = [  ]
bones/45/name = "ik_hand_l"
bones/45/parent = 44
bones/45/rest = Transform( -1, 0, -1.50996e-07, 0, 1, 0, 1.50996e-07, 0, -1, 0.000136962, 159.926, 5.72445e-08 )
bones/45/enabled = true
bones/45/bound_children = [  ]
bones/46/name = "ik_hand_r"
bones/46/parent = 44
bones/46/rest = Transform( 1, 0, -2.5828e-07, 0, 1, 0, 2.5828e-07, 0, 1, -3.66632e-07, 0, 5.7229e-08 )
bones/46/enabled = true
bones/46/bound_children = [  ]

[node name="BoneAttachment" type="BoneAttachment" parent="Root/Skeleton"]
transform = Transform( 0.988863, 0.148698, 0.0062382, -0.134785, 0.91254, -0.38614, -0.0631109, 0.380998, 0.922419, -0.551081, 13.1447, -154.345 )
bone_name = "head"

[node name="Item_Swat_Glass" type="MeshInstance" parent="Root/Skeleton/BoneAttachment"]
transform = Transform( 1, -9.30332e-15, -9.839e-15, 9.30332e-15, 1, 4.37114e-08, 9.839e-15, -4.37114e-08, 1, -9.09495e-13, 0.483949, 156.911 )
mesh = ExtResource( 4 )
material/0 = null

[node name="Character_Male_SWAT_01" type="MeshInstance" parent="Root/Skeleton"]
mesh = ExtResource( 7 )
skin = SubResource( 1 )
material/0 = null

[node name="BoneAttachment2" type="BoneAttachment" parent="Root/Skeleton"]
transform = Transform( 0.534854, 0.750443, 0.388286, -0.795899, 0.601746, -0.0666687, -0.283681, -0.273379, 0.919124, -12.1796, 27.5918, -104.36 )
bone_name = "hand_r"

[node name="MeshInstance" type="MeshInstance" parent="Root/Skeleton/BoneAttachment2"]
transform = Transform( 0.980734, 0.0113122, 0.19502, -0.175667, 0.487773, 0.855113, -0.0854525, -0.872898, 0.480362, 2.38664, 8.70098, 1.19972 )
mesh = ExtResource( 15 )
material/0 = null

[node name="AnimationPlayer" type="AnimationPlayer" parent="."]
method_call_mode = 1
anims/Idle = ExtResource( 3 )
"anims/Idle Aiming" = ExtResource( 12 )
"anims/Jump Down" = ExtResource( 16 )
"anims/Jump Loop" = ExtResource( 17 )
"anims/Jump Up" = ExtResource( 18 )
"anims/T Pose" = ExtResource( 1 )
"anims/Walk B" = ExtResource( 6 )
"anims/Walk B L" = ExtResource( 10 )
"anims/Walk B R" = ExtResource( 5 )
"anims/Walk F" = ExtResource( 13 )
"anims/Walk F L" = ExtResource( 9 )
"anims/Walk F R" = ExtResource( 14 )
"anims/Walk L" = ExtResource( 8 )
"anims/Walk R" = ExtResource( 11 )

[node name="AnimationTree" type="AnimationTree" parent="."]
tree_root = SubResource( 4 )
anim_player = NodePath("../AnimationPlayer")
active = true
parameters/playback = SubResource( 5 )
"parameters/conditions/On Air" = false
"parameters/conditions/On Floor" = false
"parameters/On Air/playback" = SubResource( 6 )
"parameters/On Air/conditions/Landing" = false
"parameters/On Floor/playback" = SubResource( 12 )
"parameters/On Floor/conditions/Jump" = false
"parameters/On Floor/Movement/Aim/blend_amount" = 0
"parameters/On Floor/Movement/Movement/blend_position" = Vector2( 0.00348437, 0 )
